34 150
14 13 0 20 25 27 2 3 15 24 10 18 13 11 19 20 18 24 22 16 15 14 25 19 10 8 11 15 14 14 11 18 12 29
1 6
1 7
1 18
1 19
2 3
2 11
2 24
3 11
3 19
4 5
4 12
4 21
4 23
4 28
4 32
4 33
5 7
5 10
5 12
5 15
5 21
5 30
5 32
5 33
5 34
6 8
6 15
6 21
6 22
7 8
7 12
7 14
7 15
7 25
7 27
7 31
8 9
8 13
8 19
8 22
8 32
8 34
9 11
9 13
9 15
9 18
9 19
9 21
9 22
9 25
9 32
10 20
10 22
10 32
10 34
11 13
11 16
11 22
11 31
11 32
12 16
12 20
12 24
12 28
12 31
13 14
13 17
14 16
14 22
14 29
14 32
15 20
15 22
15 33
16 17
16 21
16 25
16 29
16 31
16 32
16 34
17 18
17 19
17 24
17 34
18 19
18 20
18 21
18 24
18 34
19 20
19 22
19 24
19 26
19 30
19 31
20 24
20 25
20 27
20 30
20 32
20 34
21 24
21 27
21 29
21 32
22 24
22 25
22 26
22 27
22 28
22 32
23 24
23 27
23 32
23 33
23 34
24 26
24 28
24 30
24 32
24 34
25 27
25 28
25 29
25 30
25 33
25 34
26 27
26 28
26 29
26 30
26 33
27 28
27 32
28 30
28 33
29 30
29 31
29 32
29 33
30 32
30 33
30 34
31 32
31 33
31 34
32 33
32 34
33 34